1 0.15185546875 0.24169921875 0.1962890625 0.4033203125
1 0.1298828125 0.7451171875 0.060546875 0.298828125
1 0.16162109375 0.75439453125 0.1044921875 0.3037109375
1 0.31884765625 0.2138671875 0.1787109375 0.384765625
1 0.34033203125 0.60693359375 0.0517578125 0.1923828125
1 0.35986328125 0.8818359375 0.0283203125 0.1875
1 0.3837890625 0.88916015625 0.02734375 0.1904296875
1 0.40771484375 0.62548828125 0.0537109375 0.1806640625
1 0.6513671875 0.69287109375 0.28125 0.3193359375
1 0.58984375 0.35791015625 0.123046875 0.1630859375
1 0.59130859375 0.14453125 0.0849609375 0.166015625
1 0.6748046875 0.3564453125 0.1171875 0.173828125
1 0.65576171875 0.1513671875 0.0673828125 0.1875
1 0.83349609375 0.6982421875 0.3017578125 0.2890625
1 0.8408203125 0.236328125 0.12109375 0.47265625
1 0.91357421875 0.23876953125 0.1181640625 0.4775390625
