1 0.11966463414634146 0.83203125 0.04725609756097561 0.025390625
1 0.1173780487804878 0.75439453125 0.039634146341463415 0.0244140625
1 0.12804878048780488 0.7880859375 0.036585365853658534 0.0390625
1 0.16920731707317074 0.75732421875 0.051829268292682924 0.0302734375
1 0.17378048780487804 0.79296875 0.042682926829268296 0.03125
1 0.17530487804878048 0.83740234375 0.039634146341463415 0.0263671875
1 0.3231707317073171 0.7978515625 0.036585365853658534 0.03125
1 0.32926829268292684 0.8359375 0.039634146341463415 0.0234375
1 0.33003048780487804 0.76416015625 0.038109756097560975 0.0302734375
1 0.37347560975609756 0.8046875 0.039634146341463415 0.03125
1 0.3871951219512195 0.76416015625 0.042682926829268296 0.0263671875
1 0.3864329268292683 0.8388671875 0.0350609756097561 0.0234375
